AccID	log2FC	Pvalue	FDR	Style	ACF001	ACF002	ACF004	ACF005	ACF006	ACF007	ALI001	ALI002	ALI003	ALI004	ALI006	ALI007
LOC101927809	22.8656105775042	2.74213999689229e-14	5.49200652472748e-12	up	113.0	0.0	0.0	68.0	0.0	0.0	0.0	0.0	0.0	0.0	0.0	0.0
PEX12	8.29080737680666	3.86674188374628e-05	0.00230724050958356	up	131.0	202.0	0.0	98.0	0.0	58.0	0.0	1.0	0.0	0.0	0.0	0.0
DAPL1	-21.8971700274988	3.17306742027747e-13	2.48907991300128e-11	down	0.0	0.0	0.0	0.0	0.0	0.0	123.0	0.0	0.0	78.0	0.0	0.0
DIO2	23.5327763899073	4.7315048676262e-15	3.695533984323e-12	up	0.0	0.0	0.0	138.0	0.0	167.0	0.0	0.0	0.0	0.0	0.0	0.0
LOC642554	-21.9262483904926	2.95141683236468e-13	2.34553864332772e-11	down	0.0	0.0	0.0	0.0	0.0	0.0	0.0	0.0	114.0	0.0	33.0	0.0
CD300LF	-8.09235471762115	8.19867999927561e-06	0.000510985538721975	down	0.0	0.0	0.0	0.0	0.0	1.0	1.0	175.0	37.0	142.0	0.0	115.0
LOC389199	22.2567998910193	1.29293202364392e-13	1.15911674375841e-11	up	159.0	0.0	0.0	0.0	111.0	0.0	0.0	0.0	0.0	0.0	0.0	0.0
CLEC14A	-8.71621271674247	6.05567774899556e-06	0.000382664164423508	down	0.0	0.0	0.0	0.0	0.0	0.0	162.0	113.0	85.0	113.0	0.0	1.0
SNORA57	-23.323235439473	8.19880485407725e-15	4.14273359072858e-12	down	0.0	0.0	0.0	0.0	0.0	0.0	465.0	0.0	0.0	0.0	0.0	76.0
SNORA44	22.6867770596452	4.35352380607259e-14	6.04807478982558e-12	up	0.0	38.0	0.0	0.0	0.0	218.0	0.0	0.0	0.0	0.0	0.0	0.0
IGLV2-34	23.1615536969106	1.26607380432538e-14	4.63788829646378e-12	up	300.0	0.0	0.0	0.0	73.0	0.0	0.0	0.0	0.0	0.0	0.0	0.0
TTLL2	24.2301691832652	1.83918707278163e-18	1.1157121845851e-14	up	1.0	129.0	0.0	267.0	0.0	0.0	0.0	0.0	0.0	0.0	0.0	0.0
LOC102724708	23.0452982592842	1.71642741065218e-14	4.83051585251027e-12	up	152.0	290.0	0.0	0.0	0.0	0.0	0.0	0.0	0.0	0.0	0.0	0.0
LOC102724715	22.873996587325	2.68132040558179e-14	5.49200652472748e-12	up	0.0	0.0	0.0	26.0	0.0	213.0	0.0	0.0	0.0	0.0	0.0	0.0
SWT1	22.7390705059666	3.80621634506053e-14	5.89249266547951e-12	up	0.0	0.0	0.0	54.0	0.0	112.0	0.0	0.0	0.0	0.0	0.0	0.0
MEG9	23.2183435107218	1.08941990040386e-14	4.34555233173109e-12	up	0.0	48.0	0.0	136.0	0.0	0.0	0.0	0.0	0.0	0.0	0.0	0.0
PHBP11	22.7573035771607	3.63016386884201e-14	5.89249266547951e-12	up	0.0	0.0	0.0	86.0	43.0	0.0	0.0	0.0	0.0	0.0	0.0	0.0
KRT8P47	-22.4089858932874	8.74708500305294e-14	8.60476756597624e-12	down	0.0	0.0	0.0	0.0	0.0	0.0	0.0	0.0	0.0	0.0	101.0	135.0
GPR144	24.0146742816624	1.29906363161271e-15	1.89941413082515e-12	up	0.0	0.0	0.0	74.0	0.0	446.0	0.0	0.0	0.0	0.0	0.0	0.0
GAPDHS	22.6314208178517	5.02456017760145e-14	6.35013685223395e-12	up	0.0	0.0	0.0	75.0	47.0	0.0	0.0	0.0	0.0	0.0	0.0	0.0
LOC102724877	-21.7576076128984	4.48941965140815e-13	3.26811792943908e-11	down	0.0	0.0	0.0	0.0	0.0	0.0	0.0	30.0	0.0	0.0	116.0	0.0
LOC100288001	8.54728609543195	6.9475368098976e-06	0.000435993870356298	up	161.0	42.0	0.0	44.0	5.0	178.0	0.0	0.0	0.0	0.0	0.0	0.0
GEMIN8P4	22.5935335307853	5.53906754851478e-14	6.54581105944289e-12	up	0.0	217.0	0.0	0.0	0.0	90.0	0.0	0.0	0.0	0.0	0.0	0.0
PVRIG2P	-8.10237036837701	5.46166712311851e-05	0.00321672750723734	down	0.0	0.0	0.0	0.0	1.0	0.0	0.0	106.0	110.0	113.0	68.0	0.0
RP11-789C1.1	22.6043765543211	5.3865622852827e-14	6.45133715808431e-12	up	126.0	0.0	86.0	0.0	0.0	0.0	0.0	0.0	0.0	0.0	0.0	0.0
DLAT	-9.02935833154471	3.00265716669909e-05	0.00181546039125438	down	0.0	0.0	0.0	0.0	0.0	0.0	0.0	386.0	81.0	50.0	130.0	0.0
RGS9BP	23.0463873126427	1.71205641707638e-14	4.83051585251027e-12	up	0.0	0.0	216.0	14.0	0.0	0.0	0.0	0.0	0.0	0.0	0.0	0.0
LOC101927759	22.4829451945879	7.35620535656663e-14	7.69399892437679e-12	up	0.0	0.0	132.0	0.0	41.0	0.0	0.0	0.0	0.0	0.0	0.0	0.0
LOC102724574	23.1460883299341	2.68082464045483e-16	8.13138793860624e-13	up	335.0	48.0	0.0	0.0	0.0	1.0	0.0	0.0	0.0	0.0	0.0	0.0
LOC102724549	22.581180682188	5.7173518943216e-14	6.62739408437954e-12	up	0.0	134.0	0.0	0.0	156.0	0.0	0.0	0.0	0.0	0.0	0.0	0.0
CHODL	-22.0047231707093	2.42528624272024e-13	1.97927283996707e-11	down	0.0	0.0	0.0	0.0	0.0	0.0	0.0	0.0	94.0	91.0	0.0	0.0
LOC100129096	23.6835970900668	1.57877068171861e-17	5.74640952731939e-14	up	491.0	0.0	0.0	0.0	55.0	1.0	0.0	0.0	0.0	0.0	0.0	0.0
AC007551.3	-22.0456232060692	2.18906305940174e-13	1.81085266445692e-11	down	0.0	0.0	0.0	0.0	0.0	0.0	186.0	0.0	0.0	35.0	0.0	0.0
LOC102724638	22.7749376698256	3.46693891447829e-14	5.89249266547951e-12	up	0.0	0.0	0.0	0.0	40.0	221.0	0.0	0.0	0.0	0.0	0.0	0.0
USP32P4	22.8664666157251	2.73600277751533e-14	5.49200652472748e-12	up	0.0	0.0	0.0	90.0	54.0	0.0	0.0	0.0	0.0	0.0	0.0	0.0
TCEA1P4	-22.528753965817	6.44584886045578e-14	7.06674719345993e-12	down	0.0	0.0	0.0	0.0	0.0	0.0	208.0	0.0	0.0	0.0	72.0	0.0
GPR62	23.9869841670214	1.40036921614958e-15	1.89941413082515e-12	up	0.0	0.0	79.0	0.0	0.0	515.0	0.0	0.0	0.0	0.0	0.0	0.0
PPP1R3G	22.7869895437847	3.36226369465175e-14	5.85378999561932e-12	up	0.0	0.0	0.0	23.0	223.0	0.0	0.0	0.0	0.0	0.0	0.0	0.0
BPIFB6	22.7513945181736	3.68672153175272e-14	5.89249266547951e-12	up	209.0	0.0	47.0	0.0	0.0	0.0	0.0	0.0	0.0	0.0	0.0	0.0
ID4	-22.0474157082052	2.17969287219434e-13	1.81085266445692e-11	down	0.0	0.0	0.0	0.0	0.0	0.0	125.0	161.0	0.0	0.0	0.0	0.0
LOC100421642	-22.2663513885859	1.25590571756498e-13	1.1314964432656e-11	down	0.0	0.0	0.0	0.0	0.0	0.0	125.0	0.0	0.0	0.0	94.0	0.0
TRIM6	22.8185069564171	3.09862257558488e-14	5.59710778946143e-12	up	0.0	0.0	0.0	84.0	60.0	0.0	0.0	0.0	0.0	0.0	0.0	0.0
DNALI1	8.37849848309854	0.000130438933901357	0.00730417894791015	up	0.0	111.0	0.0	47.0	99.0	140.0	0.0	0.0	0.0	0.0	0.0	0.0
ANKRD30B	-22.6274910263516	3.74252052788269e-16	9.73001872670529e-13	down	0.0	0.0	0.0	0.0	0.0	0.0	289.0	3.0	0.0	0.0	0.0	37.0
TPCN2	9.65774185583394	2.59767154375583e-11	1.75092683054861e-09	up	244.0	24.0	68.0	183.0	64.0	168.0	0.0	0.0	0.0	0.0	0.0	0.0
IMPDH1P7	-22.2076109907274	1.45663772009474e-13	1.26838994583752e-11	down	0.0	0.0	0.0	0.0	0.0	0.0	0.0	268.0	0.0	0.0	0.0	86.0
LOC102724147	-21.9752479473531	2.61146569423624e-13	2.10292319333652e-11	down	0.0	0.0	0.0	0.0	0.0	0.0	0.0	103.0	0.0	157.0	0.0	0.0
NPBWR1	22.7359919288575	3.83657711832007e-14	5.89249266547951e-12	up	0.0	186.0	0.0	54.0	0.0	0.0	0.0	0.0	0.0	0.0	0.0	0.0
DPYS	23.8824665396184	1.85772176653127e-15	1.89941413082515e-12	up	0.0	0.0	0.0	0.0	134.0	451.0	0.0	0.0	0.0	0.0	0.0	0.0
DUSP9	22.8884780406528	2.58241840190525e-14	5.48925675474912e-12	up	194.0	0.0	0.0	0.0	0.0	105.0	0.0	0.0	0.0	0.0	0.0	0.0
BFSP2	-22.2381303557471	1.34874672879752e-13	1.193408766044e-11	down	0.0	0.0	0.0	0.0	0.0	0.0	0.0	44.0	166.0	0.0	0.0	0.0
LOC102724259	22.9704698221268	2.08739114137113e-14	5.24677449731443e-12	up	0.0	0.0	72.0	81.0	0.0	0.0	0.0	0.0	0.0	0.0	0.0	0.0
LOC102724248	22.5984764623749	5.46919386312348e-14	6.50548098790746e-12	up	0.0	58.0	0.0	0.0	210.0	0.0	0.0	0.0	0.0	0.0	0.0	0.0
ORC1	7.77239894182573	0.0001387331469215	0.00772111480374427	up	0.0	171.0	124.0	66.0	0.0	120.0	0.0	0.0	0.0	0.0	2.0	0.0
DRGX	-21.7395329499451	4.69575013295163e-13	3.40469946890784e-11	down	0.0	0.0	0.0	0.0	0.0	0.0	131.0	0.0	0.0	0.0	0.0	41.0
ITPK1-AS1	23.409611353117	6.57939019472972e-15	3.8625265210931e-12	up	0.0	0.0	25.0	151.0	0.0	0.0	0.0	0.0	0.0	0.0	0.0	0.0
PWRN2	22.6144201635331	5.24855649336923e-14	6.45133715808431e-12	up	118.0	0.0	0.0	48.0	0.0	0.0	0.0	0.0	0.0	0.0	0.0	0.0
LPO	22.6093998548467	5.31741878109583e-14	6.45133715808431e-12	up	0.0	220.0	0.0	0.0	0.0	91.0	0.0	0.0	0.0	0.0	0.0	0.0
LOC102724170	22.7414985319024	3.78229203988409e-14	5.89249266547951e-12	up	93.0	0.0	0.0	0.0	0.0	162.0	0.0	0.0	0.0	0.0	0.0	0.0
RP11-460N16.1	-23.3405340346711	9.20007856888041e-19	8.37161149375273e-15	down	0.0	0.0	0.0	0.0	0.0	0.0	467.0	70.0	0.0	0.0	31.0	0.0
GLIS3	7.98059052047901	9.29887813454746e-05	0.00528844634908216	up	97.0	0.0	126.0	32.0	123.0	0.0	0.0	1.0	0.0	0.0	0.0	0.0
MOGAT2	23.2067103953959	1.12435916991136e-14	4.34555233173109e-12	up	0.0	183.0	0.0	96.0	0.0	0.0	0.0	0.0	0.0	0.0	0.0	0.0
KRTAP10-7	-22.2358728885827	1.35644241429026e-13	1.193408766044e-11	down	0.0	0.0	0.0	0.0	0.0	0.0	0.0	0.0	0.0	0.0	88.0	121.0
LOC102724017	-22.3033004937547	1.14371563552879e-13	1.0619633087239e-11	down	0.0	0.0	0.0	0.0	0.0	0.0	0.0	0.0	135.0	85.0	0.0	0.0
DTD2	-8.81636619995267	7.82237325117939e-06	0.000489207459787676	down	0.0	0.0	0.0	0.0	0.0	0.0	0.0	121.0	1.0	30.0	83.0	253.0
TOLLIP-AS1	23.233619793663	1.67664308077705e-19	3.05132274270615e-15	up	215.0	329.0	0.0	280.0	0.0	0.0	0.0	0.0	0.0	0.0	0.0	0.0
GUCA1A	-22.4414020489559	8.05450600305901e-14	8.14355304164838e-12	down	0.0	0.0	0.0	0.0	0.0	0.0	0.0	0.0	162.0	0.0	0.0	66.0
NF2	-7.5062524992793	1.45498490186341e-05	0.000900655449966402	down	0.0	4.0	0.0	0.0	0.0	0.0	0.0	392.0	17.0	55.0	93.0	94.0
NAV2-AS4	23.112945812888	1.43829616083457e-14	4.76718031944463e-12	up	0.0	0.0	0.0	0.0	124.0	213.0	0.0	0.0	0.0	0.0	0.0	0.0
MBL1P	-22.0736512317292	2.04072932871586e-13	1.71148539416129e-11	down	0.0	0.0	0.0	0.0	0.0	0.0	0.0	0.0	47.0	0.0	0.0	150.0
IFNL4P1	23.101290835402	1.48287577867892e-14	4.76718031944463e-12	up	0.0	144.0	0.0	0.0	0.0	234.0	0.0	0.0	0.0	0.0	0.0	0.0
EEF1E1	8.90090320109132	9.04670045723023e-07	5.8591068192574e-05	up	0.0	40.0	88.0	78.0	55.0	213.0	0.0	0.0	0.0	0.0	0.0	0.0
PCDHGB9P	23.2673308801321	9.58488554972485e-15	4.24242136300518e-12	up	0.0	0.0	0.0	72.0	208.0	0.0	0.0	0.0	0.0	0.0	0.0	0.0
GYG1P1	22.0010861691328	2.44605986522996e-13	1.98731444139821e-11	up	151.0	0.0	0.0	0.0	0.0	108.0	0.0	0.0	0.0	0.0	0.0	0.0
CLCNKA	22.5201940413143	6.68689784066425e-14	7.20087892320998e-12	up	0.0	0.0	0.0	0.0	110.0	111.0	0.0	0.0	0.0	0.0	0.0	0.0
PSMA8	21.4550809133229	9.37658690597382e-13	6.5381036437478e-11	up	0.0	0.0	29.0	0.0	0.0	168.0	0.0	0.0	0.0	0.0	0.0	0.0
RP5-1109J22.2	-22.6071706456081	5.27350563686763e-14	6.45133715808431e-12	down	0.0	0.0	0.0	0.0	0.0	0.0	249.0	0.0	0.0	0.0	56.0	0.0
LOC100996434	23.1993812970127	1.14614271071538e-14	4.34555233173109e-12	up	0.0	246.0	157.0	0.0	0.0	0.0	0.0	0.0	0.0	0.0	0.0	0.0
FLJ22763	22.5231925795992	6.63417468181425e-14	7.18662768061533e-12	up	0.0	104.0	117.0	0.0	0.0	0.0	0.0	0.0	0.0	0.0	0.0	0.0
TERT	8.45264060141329	3.98659487954154e-07	2.60043154884504e-05	up	282.0	0.0	97.0	75.0	98.0	150.0	0.0	2.0	0.0	0.0	0.0	0.0
LOC100418884	-22.400742817258	8.932293902469e-14	8.6951369749971e-12	down	0.0	0.0	0.0	0.0	0.0	0.0	257.0	41.0	0.0	0.0	0.0	0.0
CACNB4	8.71811841885199	6.5621262261587e-07	4.26514768535222e-05	up	0.0	69.0	18.0	179.0	69.0	158.0	0.0	0.0	0.0	1.0	0.0	0.0
AC007163.3	22.7042837337497	4.16412651798706e-14	5.92054207037863e-12	up	0.0	0.0	0.0	57.0	111.0	0.0	0.0	0.0	0.0	0.0	0.0	0.0
DUSP21	-21.6244012971082	6.24185870543897e-13	4.43732760079234e-11	down	0.0	0.0	0.0	0.0	0.0	0.0	0.0	0.0	103.0	23.0	0.0	0.0
LOC100418910	23.0431890411059	1.72637468571718e-14	4.83051585251027e-12	up	212.0	0.0	92.0	0.0	0.0	0.0	0.0	0.0	0.0	0.0	0.0	0.0
SPRR4	-22.2502393050076	1.30814455512966e-13	1.16700601758846e-11	down	0.0	0.0	0.0	0.0	0.0	0.0	76.0	0.0	0.0	0.0	0.0	166.0
GALNT14	8.75581090664165	9.66152414143656e-07	6.23510914361716e-05	up	278.0	131.0	34.0	30.0	98.0	0.0	0.0	0.0	0.0	0.0	0.0	0.0
PPP1R14BP1	-22.4992234455537	6.9505786935154e-14	7.44079892019334e-12	down	0.0	0.0	0.0	0.0	0.0	0.0	0.0	0.0	0.0	96.0	153.0	0.0
RP11-43N5.1	22.3372460257233	1.06699044247554e-13	9.95803028851916e-12	up	177.0	0.0	19.0	0.0	0.0	0.0	0.0	0.0	0.0	0.0	0.0	0.0
ADAMTS12	7.91439429980271	0.000128582254472687	0.00722243348502601	up	0.0	79.0	0.0	43.0	30.0	235.0	0.0	0.0	0.0	0.0	1.0	0.0
ADAMTSL4	-21.9076549662818	3.09144243139988e-13	2.43554808697171e-11	down	0.0	0.0	0.0	0.0	0.0	0.0	33.0	0.0	0.0	0.0	119.0	0.0
RPS2P40	23.6329706515025	3.63072021391394e-15	3.14645129395332e-12	up	126.0	0.0	0.0	0.0	0.0	362.0	0.0	0.0	0.0	0.0	0.0	0.0
LINC00311	-21.8586804453892	3.49280107492836e-13	2.65964379759922e-11	down	0.0	0.0	0.0	0.0	0.0	0.0	0.0	112.0	93.0	0.0	0.0	0.0
PABPC1P13	-8.27346695654184	1.498338568813e-05	0.000924347919112803	down	0.0	0.0	0.0	0.0	0.0	0.0	0.0	48.0	135.0	48.0	50.0	6.0
GULP1	23.4591481824356	5.76957016478227e-15	3.74551502741253e-12	up	0.0	0.0	0.0	143.0	73.0	0.0	0.0	0.0	0.0	0.0	0.0	0.0
RCL1	22.8030195722225	3.22548927061593e-14	5.69909507145042e-12	up	0.0	104.0	0.0	0.0	0.0	195.0	0.0	0.0	0.0	0.0	0.0	0.0
GSDMA	23.2445926811995	1.01752082979222e-14	4.24242136300518e-12	up	0.0	0.0	0.0	128.0	48.0	0.0	0.0	0.0	0.0	0.0	0.0	0.0
GDF2	-20.0020811471855	2.8055385956927e-11	1.88405892631039e-09	down	0.0	0.0	0.0	0.0	0.0	0.0	0.0	110.0	107.0	0.0	0.0	0.0
TRMT11	-8.65310745256842	2.28309898180282e-06	0.000146303233696583	down	0.0	0.0	0.0	0.0	0.0	0.0	250.0	51.0	50.0	24.0	0.0	57.0
TMEM145	-23.0266550296342	4.63217997540602e-18	2.10752608431036e-14	down	0.0	0.0	0.0	0.0	0.0	0.0	347.0	12.0	0.0	0.0	0.0	140.0
RP11-402L6.1	22.4216352857534	8.60509505479034e-14	8.57096585929991e-12	up	0.0	87.0	0.0	0.0	0.0	142.0	0.0	0.0	0.0	0.0	0.0	0.0
PDE3B	-22.1914407424782	1.5173482384364e-13	1.30873083371109e-11	down	0.0	0.0	0.0	0.0	0.0	0.0	0.0	0.0	0.0	102.0	106.0	0.0
PDE6C	22.652405418948	4.7602015591088e-14	6.23243943699432e-12	up	0.0	125.0	0.0	0.0	0.0	155.0	0.0	0.0	0.0	0.0	0.0	0.0
KCTD19	8.43315357459289	0.00013189316212804	0.00736295600481041	up	69.0	43.0	72.0	0.0	0.0	247.0	0.0	0.0	0.0	0.0	0.0	0.0
IL13	22.4158139980476	8.72696405762244e-14	8.60476756597624e-12	up	168.0	0.0	0.0	0.0	52.0	0.0	0.0	0.0	0.0	0.0	0.0	0.0
DSCAM-AS1	22.8853813082634	2.60448695015612e-14	5.48925675474912e-12	up	74.0	0.0	0.0	0.0	0.0	208.0	0.0	0.0	0.0	0.0	0.0	0.0
ABCD1P5	8.95343067321095	3.59201129094885e-05	0.00215745919089037	up	287.0	0.0	119.0	0.0	43.0	164.0	0.0	0.0	0.0	0.0	0.0	0.0
TMEM39B	-22.5795240943281	5.66063972649259e-14	6.60371681938709e-12	down	0.0	0.0	0.0	0.0	0.0	0.0	0.0	222.0	0.0	0.0	139.0	0.0
LOC101928047	22.5697619006841	5.88794111554955e-14	6.73928555735134e-12	up	0.0	54.0	0.0	0.0	0.0	184.0	0.0	0.0	0.0	0.0	0.0	0.0
TLR1	-21.8872687346089	3.25267555146301e-13	2.51895499408832e-11	down	0.0	0.0	0.0	0.0	0.0	0.0	0.0	159.0	76.0	0.0	0.0	0.0
TLX1	-21.8684673973661	3.40830371106015e-13	2.62829318803321e-11	down	0.0	0.0	0.0	0.0	0.0	0.0	0.0	0.0	42.0	0.0	0.0	128.0
MYL2	23.9765630224022	1.44048836661515e-15	1.89941413082515e-12	up	0.0	0.0	0.0	97.0	0.0	370.0	0.0	0.0	0.0	0.0	0.0	0.0
HNRNPA3P8	23.3065279065586	8.64229650918762e-15	4.14273359072858e-12	up	0.0	0.0	0.0	133.0	52.0	0.0	0.0	0.0	0.0	0.0	0.0	0.0
MYT1	8.87301447151134	8.39345668020875e-05	0.00480353830575846	up	0.0	0.0	20.0	151.0	60.0	127.0	0.0	0.0	0.0	0.0	0.0	0.0
TACSTD2	8.56878308878074	4.45851175805649e-05	0.00264301157931173	up	54.0	0.0	15.0	132.0	0.0	260.0	0.0	0.0	1.0	0.0	0.0	0.0
ATP5S	-8.77641132063534	3.38513328184996e-11	2.26492796310248e-09	down	0.0	0.0	0.0	0.0	0.0	1.0	155.0	34.0	89.0	77.0	35.0	225.0
REXO1L5P	7.98072890030055	2.37258521829368e-06	0.000151504134693778	up	115.0	203.0	107.0	19.0	0.0	27.0	0.0	0.0	0.0	0.0	1.0	0.0
ATOH1	22.8591910749531	2.78819394828388e-14	5.49200652472748e-12	up	93.0	0.0	146.0	0.0	0.0	0.0	0.0	0.0	0.0	0.0	0.0	0.0
PHKG1P2	22.301896645473	1.16636011510872e-13	1.07749176319105e-11	up	0.0	0.0	0.0	0.0	38.0	149.0	0.0	0.0	0.0	0.0	0.0	0.0
TUBAP	23.3964223939238	6.8141559887591e-15	3.87533827623209e-12	up	0.0	0.0	0.0	0.0	86.0	322.0	0.0	0.0	0.0	0.0	0.0	0.0
ZNF503-AS2	9.19670298334202	9.27235090142052e-05	0.00528844634908216	up	0.0	14.0	10.0	26.0	0.0	638.0	0.0	0.0	0.0	0.0	0.0	0.0
LOC100506175	22.9926408619781	1.97011661014583e-14	5.1451143487429e-12	up	66.0	0.0	0.0	0.0	0.0	236.0	0.0	0.0	0.0	0.0	0.0	0.0
LOC101928325	22.6598152712449	4.67019783281773e-14	6.20881638587307e-12	up	202.0	0.0	0.0	20.0	0.0	0.0	0.0	0.0	0.0	0.0	0.0	0.0
LOC101928385	-21.9655900655836	2.67390461523893e-13	2.14371762523054e-11	down	0.0	0.0	0.0	0.0	0.0	0.0	127.0	0.0	0.0	0.0	0.0	77.0
H2AFB1	22.8244518480482	3.05124854652985e-14	5.59710778946143e-12	up	0.0	303.0	63.0	0.0	0.0	0.0	0.0	0.0	0.0	0.0	0.0	0.0
LOC101928409	-21.1183297512333	2.08063259870412e-12	1.43975029139986e-10	down	0.0	0.0	0.0	0.0	0.0	0.0	235.0	0.0	34.0	0.0	0.0	0.0
ZNF676	22.6048629724095	5.37996216945016e-14	6.45133715808431e-12	up	0.0	0.0	23.0	0.0	0.0	193.0	0.0	0.0	0.0	0.0	0.0	0.0
LOC101928180	22.7164104368484	4.03557486720943e-14	5.91243857322618e-12	up	0.0	0.0	0.0	20.0	0.0	192.0	0.0	0.0	0.0	0.0	0.0	0.0
C2orf71	22.9907228256799	1.97899887033355e-14	5.1451143487429e-12	up	0.0	0.0	0.0	57.0	0.0	160.0	0.0	0.0	0.0	0.0	0.0	0.0
ZNF701	8.36277345734844	3.42519251333282e-05	0.00206407544868026	up	1.0	38.0	156.0	20.0	153.0	0.0	0.0	0.0	0.0	0.0	0.0	0.0
LOC152586	22.6193086555316	5.18068281247336e-14	6.45133715808431e-12	up	0.0	0.0	0.0	78.0	0.0	36.0	0.0	0.0	0.0	0.0	0.0	0.0
ACADM	-22.368223774807	9.70179179670937e-14	9.29278467938494e-12	down	0.0	0.0	0.0	0.0	0.0	0.0	0.0	124.0	0.0	216.0	0.0	0.0
FAM98B	22.5572983983721	6.07936012958745e-14	6.80415570978088e-12	up	0.0	246.0	53.0	0.0	0.0	0.0	0.0	0.0	0.0	0.0	0.0	0.0
LOC101060711	23.4808808854725	5.41866152039207e-15	3.74551502741253e-12	up	0.0	0.0	0.0	160.0	0.0	171.0	0.0	0.0	0.0	0.0	0.0	0.0
ZNF580	23.0651557874496	1.62982177121564e-14	4.83051585251027e-12	up	0.0	0.0	28.0	0.0	0.0	278.0	0.0	0.0	0.0	0.0	0.0	0.0
LOC101928273	22.7005296569629	4.20340395212944e-14	5.92632904110835e-12	up	0.0	0.0	0.0	72.0	71.0	0.0	0.0	0.0	0.0	0.0	0.0	0.0
LOC101928281	22.6366825668855	4.9569733194489e-14	6.32892609133669e-12	up	0.0	0.0	39.0	0.0	0.0	178.0	0.0	0.0	0.0	0.0	0.0	0.0
LOC644090	-22.3309432970443	1.06642107883038e-13	9.95803028851916e-12	down	0.0	0.0	0.0	0.0	0.0	0.0	187.0	0.0	0.0	85.0	0.0	0.0
KRT82	-22.4937196670066	7.04908060485763e-14	7.45850104231419e-12	down	0.0	0.0	0.0	0.0	0.0	0.0	0.0	0.0	92.0	0.0	127.0	0.0
TUBBP6	22.8925020745298	2.55572382568133e-14	5.48925675474912e-12	up	0.0	0.0	131.0	0.0	129.0	0.0	0.0	0.0	0.0	0.0	0.0	0.0
SOCS5P4	-20.632102962832	6.58184537423425e-12	4.46951507334661e-10	down	0.0	0.0	0.0	0.0	0.0	0.0	200.0	49.0	0.0	0.0	0.0	0.0
GNAL	22.8886255132155	2.58303509394748e-14	5.48925675474912e-12	up	0.0	0.0	0.0	0.0	151.0	140.0	0.0	0.0	0.0	0.0	0.0	0.0
LOC101928730	22.9177555266427	2.36648619170685e-14	5.38346027535912e-12	up	0.0	0.0	0.0	61.0	0.0	322.0	0.0	0.0	0.0	0.0	0.0	0.0
GLYATL1P3	-8.55403640055558	4.19148150211151e-05	0.00249283568159893	down	0.0	0.0	0.0	0.0	0.0	1.0	456.0	63.0	0.0	31.0	28.0	0.0
FENDRR	23.4648970821403	5.68214532701275e-15	3.74551502741253e-12	up	0.0	0.0	274.0	0.0	0.0	73.0	0.0	0.0	0.0	0.0	0.0	0.0
ZNF345	23.0956306883391	5.20868895549294e-16	1.1849116287627e-12	up	1.0	83.0	0.0	109.0	0.0	0.0	0.0	0.0	0.0	0.0	0.0	0.0
MIR3661	23.0946684953116	1.5088490175857e-14	4.76718031944463e-12	up	0.0	0.0	97.0	0.0	0.0	196.0	0.0	0.0	0.0	0.0	0.0	0.0
LOC100421023	22.8823535326691	2.62412955471825e-14	5.48925675474912e-12	up	157.0	0.0	0.0	0.0	0.0	136.0	0.0	0.0	0.0	0.0	0.0	0.0
TRPM2-AS	-22.2675721755682	1.25205052351934e-13	1.1314964432656e-11	down	0.0	0.0	0.0	0.0	0.0	0.0	98.0	0.0	116.0	0.0	0.0	0.0
LRP1B	8.28599324266963	0.000149306280763057	0.00820913898370657	up	129.0	65.0	0.0	0.0	49.0	186.0	0.0	0.0	0.0	0.0	0.0	0.0
THBS2	8.67545540153506	7.43947193921568e-08	4.92330726624677e-06	up	93.0	214.0	0.0	71.0	113.0	216.0	1.0	0.0	0.0	0.0	0.0	0.0
LOC101928886	8.68474044706644	0.000140811009287467	0.00781286450616649	up	0.0	17.0	0.0	38.0	42.0	366.0	0.0	0.0	0.0	0.0	0.0	0.0
LOC101060120	22.660179853184	4.66567773405759e-14	6.20881638587307e-12	up	0.0	0.0	32.0	0.0	0.0	191.0	0.0	0.0	0.0	0.0	0.0	0.0
GSN-AS1	8.55167796795135	2.25256743693498e-05	0.00137105266838728	up	56.0	274.0	173.0	86.0	0.0	0.0	0.0	0.0	0.0	0.0	0.0	1.0
DOC2GP	-22.2160062756493	1.42221705007215e-13	1.24437154299341e-11	down	0.0	0.0	0.0	0.0	0.0	0.0	0.0	58.0	178.0	0.0	0.0	0.0
LOC101928676	23.5226414302448	4.87349940237111e-15	3.695533984323e-12	up	0.0	0.0	0.0	135.0	117.0	0.0	0.0	0.0	0.0	0.0	0.0	0.0
ZNF135	9.52731408484856	1.07344321437613e-07	7.07811342696779e-06	up	0.0	44.0	183.0	94.0	97.0	334.0	0.0	0.0	0.0	0.0	0.0	0.0
VEPH1	22.7799958168641	3.42339996629981e-14	5.87759018742360e-12	up	112.0	0.0	0.0	62.0	0.0	0.0	0.0	0.0	0.0	0.0	0.0	0.0
LOC343508	-24.0523437326666	1.16669746416559e-15	1.89941413082515e-12	down	0.0	0.0	0.0	0.0	0.0	0.0	703.0	0.0	158.0	0.0	0.0	0.0
APLP1	22.8376548645189	2.94846999235299e-14	5.58950056154501e-12	up	184.0	0.0	0.0	0.0	111.0	0.0	0.0	0.0	0.0	0.0	0.0	0.0
AGTR1	20.6518324400106	6.30655221508193e-12	4.29861212592794e-10	up	0.0	0.0	0.0	44.0	0.0	120.0	0.0	0.0	0.0	0.0	0.0	0.0
CCDC41-AS1	23.4313603227924	6.21130780686665e-15	3.76798635923887e-12	up	0.0	173.0	0.0	0.0	0.0	305.0	0.0	0.0	0.0	0.0	0.0	0.0
LOC283693	22.9613741421287	2.13726759309103e-14	5.24677449731443e-12	up	0.0	105.0	0.0	0.0	256.0	0.0	0.0	0.0	0.0	0.0	0.0	0.0
EIF1B-AS1	23.0463097110251	1.71172371843779e-14	4.83051585251027e-12	up	0.0	0.0	0.0	114.0	35.0	0.0	0.0	0.0	0.0	0.0	0.0	0.0
KCNH3	8.27970205756695	6.12369335468012e-05	0.00357195818467383	up	0.0	0.0	135.0	17.0	176.0	335.0	0.0	2.0	0.0	0.0	0.0	0.0
DGAT2	-8.56711886507979	8.34759048375514e-05	0.00479235959665173	down	0.0	0.0	0.0	0.0	0.0	0.0	0.0	313.0	71.0	46.0	0.0	81.0
LOC100420255	-21.7663840632449	4.39327302424971e-13	3.22391837775486e-11	down	0.0	0.0	0.0	0.0	0.0	0.0	0.0	0.0	108.0	34.0	0.0	0.0
ONECUT3	22.3442132872632	1.02814676771594e-13	9.74543907586581e-12	up	0.0	0.0	0.0	0.0	158.0	204.0	0.0	0.0	0.0	0.0	0.0	0.0
LOC102723643	-22.3401241061269	1.04181731481278e-13	9.82385145713874e-12	down	0.0	0.0	0.0	0.0	0.0	0.0	0.0	0.0	96.0	0.0	101.0	0.0
AWAT1	-22.2355894513305	1.35741312473821e-13	1.193408766044e-11	down	0.0	0.0	0.0	0.0	0.0	0.0	198.0	0.0	38.0	0.0	0.0	0.0
KCNJ8	-22.4581690452759	7.71721347934756e-14	8.02546103489407e-12	down	0.0	0.0	0.0	0.0	0.0	0.0	0.0	0.0	174.0	0.0	42.0	0.0
METTL21C	-21.8919518890068	3.21509060122219e-13	2.50048862613857e-11	down	0.0	0.0	0.0	0.0	0.0	0.0	111.0	0.0	0.0	0.0	0.0	79.0
APOA2	-21.8383155963746	3.67446541566838e-13	2.7863165041562e-11	down	0.0	0.0	0.0	0.0	0.0	0.0	0.0	112.0	0.0	0.0	89.0	0.0
APOA1	-10.418430802789	1.48780659609086e-12	1.03345771917014e-10	down	0.0	0.0	0.0	0.0	0.0	0.0	74.0	199.0	237.0	105.0	601.0	23.0
DCAF4L2	22.5563938566761	6.09134331366129e-14	6.80415570978088e-12	up	0.0	0.0	0.0	0.0	75.0	150.0	0.0	0.0	0.0	0.0	0.0	0.0
C6orf99	23.9505149133355	1.5455725624823e-15	1.89941413082515e-12	up	170.0	0.0	0.0	0.0	0.0	449.0	0.0	0.0	0.0	0.0	0.0	0.0
FAM46B	22.6692900932739	4.55746650424888e-14	6.20881638587307e-12	up	78.0	0.0	0.0	66.0	0.0	0.0	0.0	0.0	0.0	0.0	0.0	0.0
FLJ45256	22.8278220054153	3.01727925313723e-14	5.59710778946143e-12	up	274.0	0.0	0.0	0.0	43.0	0.0	0.0	0.0	0.0	0.0	0.0	0.0
FGF14-AS2	22.3514279172801	1.02600485575577e-13	9.74543907586581e-12	up	0.0	134.0	0.0	0.0	135.0	0.0	0.0	0.0	0.0	0.0	0.0	0.0
LOC102723422	-21.8954495889967	3.18703750756741e-13	2.48930882404375e-11	down	0.0	0.0	0.0	0.0	0.0	0.0	0.0	271.0	0.0	42.0	0.0	0.0
LPPR1	-22.7298395073585	3.84818929281614e-14	5.89249266547951e-12	down	0.0	0.0	0.0	0.0	0.0	0.0	231.0	0.0	92.0	0.0	0.0	0.0
LOC728947	-22.5183921981188	6.61867567743779e-14	7.18662768061533e-12	down	0.0	0.0	0.0	0.0	0.0	0.0	279.0	0.0	0.0	0.0	19.0	0.0
LOC100420042	22.9569020125594	2.1622511528028e-14	5.24677449731443e-12	up	0.0	112.0	0.0	0.0	0.0	222.0	0.0	0.0	0.0	0.0	0.0	0.0
GNL3LP1	-21.8172201542395	3.87140208816444e-13	2.9113903554754e-11	down	0.0	0.0	0.0	0.0	0.0	0.0	0.0	0.0	102.0	51.0	0.0	0.0
OGDHL	9.04503351124483	4.58278496842926e-05	0.00270786050780663	up	0.0	41.0	85.0	163.0	132.0	0.0	0.0	0.0	0.0	0.0	0.0	0.0
LOC101928976	-21.4542132962409	9.32227646189778e-13	6.52523497423375e-11	down	0.0	0.0	0.0	0.0	0.0	0.0	203.0	0.0	0.0	0.0	0.0	30.0
LOC101928970	22.0929898314789	1.93653213873764e-13	1.63920690199471e-11	up	0.0	0.0	0.0	0.0	55.0	244.0	0.0	0.0	0.0	0.0	0.0	0.0
LOC101928987	22.6042640464966	5.38822599059737e-14	6.45133715808431e-12	up	0.0	50.0	0.0	0.0	0.0	192.0	0.0	0.0	0.0	0.0	0.0	0.0
ANKK1	-20.8406415962091	4.03057931598982e-12	2.77850427923101e-10	down	0.0	0.0	0.0	0.0	0.0	0.0	0.0	186.0	102.0	0.0	0.0	0.0
XRCC6P4	22.8173350518921	3.10625796327054e-14	5.59710778946143e-12	up	219.0	113.0	0.0	0.0	0.0	0.0	0.0	0.0	0.0	0.0	0.0	0.0
RPL7P5	22.9383612790287	2.26943631514105e-14	5.31182227467497e-12	up	0.0	0.0	0.0	76.0	0.0	97.0	0.0	0.0	0.0	0.0	0.0	0.0
LOC339257	22.7308405119351	3.88784036471811e-14	5.89249266547951e-12	up	0.0	37.0	0.0	90.0	0.0	0.0	0.0	0.0	0.0	0.0	0.0	0.0
LOC100420548	22.4431704808538	7.96814633632994e-14	8.14355304164838e-12	up	0.0	0.0	0.0	163.0	48.0	0.0	0.0	0.0	0.0	0.0	0.0	0.0
TTC21A	-8.99677938489819	7.19834759976645e-10	4.79863472410804e-08	down	0.0	0.0	0.0	1.0	0.0	0.0	2.0	304.0	161.0	64.0	154.0	89.0
HPN-AS1	23.2431366541793	1.01496175160571e-14	4.24242136300518e-12	up	185.0	0.0	0.0	132.0	0.0	0.0	0.0	0.0	0.0	0.0	0.0	0.0
FAHD2P1	22.7276598568829	3.91775159362064e-14	5.89249266547951e-12	up	0.0	0.0	0.0	71.0	82.0	0.0	0.0	0.0	0.0	0.0	0.0	0.0
LRRC17	22.9244067215028	2.35349751536061e-14	5.38346027535912e-12	up	0.0	0.0	0.0	91.0	64.0	0.0	0.0	0.0	0.0	0.0	0.0	0.0
LRRC29	8.65164062635214	8.0882298092117e-05	0.00465815488284316	up	0.0	72.0	0.0	70.0	238.0	69.0	0.0	0.0	0.0	0.0	0.0	0.0
ANAPC1	8.24213132141676	1.64457729879617e-05	0.00100773273605358	up	7.0	48.0	89.0	25.0	0.0	164.0	0.0	0.0	0.0	0.0	0.0	0.0
PRG2	9.19515988526035	1.7452786590657e-05	0.00106584987638713	up	0.0	184.0	0.0	90.0	166.0	243.0	0.0	0.0	0.0	0.0	0.0	0.0
CLGN	9.13611257075034	3.69711840531946e-05	0.00221328479797397	up	133.0	33.0	45.0	0.0	0.0	497.0	0.0	0.0	0.0	0.0	0.0	0.0
PLA2G2F	23.8772638820278	1.88383966969351e-15	1.89941413082515e-12	up	0.0	0.0	0.0	35.0	0.0	484.0	0.0	0.0	0.0	0.0	0.0	0.0
S100Z	22.2873065327125	1.2118925909478e-13	1.10317107848963e-11	up	0.0	0.0	0.0	0.0	20.0	158.0	0.0	0.0	0.0	0.0	0.0	0.0
IMMTP1	21.4590971373952	9.29657470397175e-13	6.52523497423375e-11	up	0.0	51.0	0.0	0.0	189.0	0.0	0.0	0.0	0.0	0.0	0.0	0.0
LINC00966	23.2416121800752	1.02569668647853e-14	4.24242136300518e-12	up	0.0	255.0	0.0	82.0	0.0	0.0	0.0	0.0	0.0	0.0	0.0	0.0
PGDP2	-22.2875881982895	1.19006386611246e-13	1.09383698481721e-11	down	0.0	0.0	0.0	0.0	0.0	0.0	223.0	64.0	0.0	0.0	0.0	0.0
NANOGP5	22.7226679368773	3.97064304913357e-14	5.91243857322618e-12	up	0.0	0.0	42.0	77.0	0.0	0.0	0.0	0.0	0.0	0.0	0.0	0.0
PRAMEF20	23.3062160387149	8.65013882343459e-15	4.14273359072858e-12	up	0.0	0.0	33.0	0.0	0.0	331.0	0.0	0.0	0.0	0.0	0.0	0.0
COMP	9.0601221317583	9.90772943511223e-05	0.00561715788129618	up	1.0	106.0	119.0	0.0	0.0	443.0	0.0	0.0	0.0	0.0	0.0	0.0
ATP1A4	22.8059191095726	3.20079390586815e-14	5.69909507145042e-12	up	0.0	72.0	0.0	0.0	244.0	0.0	0.0	0.0	0.0	0.0	0.0	0.0
OR4K17	22.9842858444691	2.01286613154919e-14	5.15945784902307e-12	up	0.0	107.0	0.0	0.0	0.0	233.0	0.0	0.0	0.0	0.0	0.0	0.0
OR4K15	23.4755123199564	5.52427329912335e-15	3.74551502741253e-12	up	200.0	0.0	0.0	0.0	0.0	242.0	0.0	0.0	0.0	0.0	0.0	0.0
EPN2-AS1	22.6837844146405	4.39030807346534e-14	6.0529709567421e-12	up	0.0	110.0	134.0	0.0	0.0	0.0	0.0	0.0	0.0	0.0	0.0	0.0
RP11-57H12.3	-21.767828973778	4.37722443330698e-13	3.22391837775486e-11	down	0.0	0.0	0.0	0.0	0.0	0.0	0.0	0.0	0.0	24.0	113.0	0.0
FOXO6	23.5236438269839	4.8596479384034e-15	3.695533984323e-12	up	0.0	92.0	0.0	0.0	0.0	386.0	0.0	0.0	0.0	0.0	0.0	0.0
NPAT	-8.83798953660547	6.86464903021419e-06	0.000432282864016845	down	0.0	0.0	0.0	0.0	0.0	1.0	165.0	293.0	0.0	130.0	164.0	0.0
CLTCL1	8.63364805580766	1.26836240322416e-07	8.33318677843916e-06	up	80.0	129.0	137.0	82.0	179.0	0.0	0.0	0.0	0.0	0.0	0.0	1.0
KRT18P55	-21.8622544329874	3.46135327417372e-13	2.64677177465074e-11	down	0.0	0.0	0.0	0.0	0.0	0.0	0.0	72.0	111.0	0.0	0.0	0.0
FOXL1	8.54577684835368	2.00064876775755e-06	0.000128656561570388	up	75.0	90.0	58.0	23.0	0.0	209.0	0.0	0.0	0.0	0.0	0.0	0.0
FOXF2	22.9371674415318	2.27662034960519e-14	5.31182227467497e-12	up	0.0	0.0	0.0	0.0	56.0	234.0	0.0	0.0	0.0	0.0	0.0	0.0
C20orf57	22.9625503810372	2.1299866411817e-14	5.24677449731443e-12	up	0.0	0.0	0.0	90.0	81.0	0.0	0.0	0.0	0.0	0.0	0.0	0.0
PVT1	-22.1720185557688	1.59358715704113e-13	1.36158181553951e-11	down	0.0	0.0	0.0	0.0	0.0	0.0	0.0	174.0	0.0	147.0	0.0	0.0
EVX1	8.83545630201074	0.000162276770299218	0.00886869352154798	up	0.0	1.0	181.0	0.0	56.0	284.0	0.0	0.0	0.0	0.0	0.0	0.0
PAIP1P1	22.5018259769139	7.00906247253421e-14	7.45850104231419e-12	up	63.0	0.0	118.0	0.0	0.0	0.0	0.0	0.0	0.0	0.0	0.0	0.0
LOC100128325	-22.9081172101606	2.42742964816998e-14	5.38741367890799e-12	down	0.0	0.0	0.0	0.0	0.0	0.0	0.0	0.0	135.0	0.0	161.0	0.0
KCNJ16	22.5874025310587	5.62688339354331e-14	6.60371681938709e-12	up	87.0	0.0	0.0	0.0	0.0	141.0	0.0	0.0	0.0	0.0	0.0	0.0
RP11-34F13.2	23.2548178877178	9.90638621264042e-15	4.24242136300518e-12	up	0.0	0.0	0.0	93.0	0.0	129.0	0.0	0.0	0.0	0.0	0.0	0.0
LOC100419835	23.1180987679481	1.4187463019898e-14	4.76718031944463e-12	up	0.0	0.0	0.0	93.0	0.0	97.0	0.0	0.0	0.0	0.0	0.0	0.0
AC104655.2	22.7716692243207	3.49830826181623e-14	5.89249266547951e-12	up	120.0	239.0	0.0	0.0	0.0	0.0	0.0	0.0	0.0	0.0	0.0	0.0
WNT7B	23.2538229333591	9.93243151165922e-15	4.24242136300518e-12	up	0.0	86.0	0.0	0.0	346.0	0.0	0.0	0.0	0.0	0.0	0.0	0.0
LOC100128681	-21.6863446497101	5.35653972219645e-13	3.82288887859816e-11	down	0.0	0.0	0.0	0.0	0.0	0.0	146.0	38.0	0.0	0.0	0.0	0.0
LOC100128674	22.5417552647213	6.32587151616976e-14	6.977244589259e-12	up	0.0	0.0	104.0	0.0	92.0	0.0	0.0	0.0	0.0	0.0	0.0	0.0
TSNAX-DISC1	22.3794101712018	9.58518613615004e-14	9.22967208951294e-12	up	0.0	43.0	0.0	0.0	183.0	0.0	0.0	0.0	0.0	0.0	0.0	0.0
LINC00574	22.864523057968	2.74814489100316e-14	5.49200652472748e-12	up	211.0	0.0	0.0	0.0	96.0	0.0	0.0	0.0	0.0	0.0	0.0	0.0
NRG3	-20.6767109914321	5.97290509027857e-12	4.10192074482942e-10	down	0.0	0.0	0.0	0.0	0.0	0.0	156.0	40.0	0.0	0.0	0.0	0.0
EXTL3-AS1	22.4890044101138	7.24165827213195e-14	7.61797334650459e-12	up	0.0	0.0	0.0	0.0	88.0	127.0	0.0	0.0	0.0	0.0	0.0	0.0
KCNK16	-22.201966490573	1.47763038982285e-13	1.28054264116124e-11	down	0.0	0.0	0.0	0.0	0.0	0.0	0.0	38.0	164.0	0.0	0.0	0.0
FAM154B	23.0638511721165	1.63563294279461e-14	4.83051585251027e-12	up	0.0	0.0	0.0	93.0	0.0	82.0	0.0	0.0	0.0	0.0	0.0	0.0
DNAI2	22.6584740049329	4.68624390030903e-14	6.20881638587307e-12	up	0.0	0.0	0.0	60.0	94.0	0.0	0.0	0.0	0.0	0.0	0.0	0.0
ABHD17AP4	8.84125971603889	0.000143544131409235	0.00794030287998988	up	0.0	2.0	138.0	100.0	0.0	143.0	0.0	0.0	0.0	0.0	0.0	0.0
TDGF1	-8.0244994140059	6.92743649872937e-05	0.00402787274250402	down	0.0	0.0	0.0	0.0	0.0	1.0	0.0	110.0	96.0	42.0	0.0	147.0
CLDN19	22.5563529492509	6.09416660637553e-14	6.80415570978088e-12	up	0.0	87.0	0.0	0.0	183.0	0.0	0.0	0.0	0.0	0.0	0.0	0.0
RPL9P4	-21.9078601607656	3.08981689078621e-13	2.43554808697171e-11	down	0.0	0.0	0.0	0.0	0.0	0.0	177.0	0.0	15.0	0.0	0.0	0.0
CHRNA3	24.0547208049531	1.16519825887796e-15	1.89941413082515e-12	up	61.0	0.0	0.0	0.0	0.0	595.0	0.0	0.0	0.0	0.0	0.0	0.0
LOC100887076	22.455590403739	7.88988613038112e-14	8.14355304164838e-12	up	0.0	212.0	0.0	0.0	81.0	0.0	0.0	0.0	0.0	0.0	0.0	0.0
UHRF2P1	22.7361483831319	3.83502197002698e-14	5.89249266547951e-12	up	0.0	0.0	0.0	66.0	0.0	82.0	0.0	0.0	0.0	0.0	0.0	0.0
FLJ45513	-23.306417416703	8.5705107619002e-15	4.14273359072858e-12	down	0.0	0.0	0.0	0.0	0.0	0.0	426.0	0.0	0.0	0.0	0.0	106.0
HAP1	8.39054882610183	0.000156120903826957	0.00855796484562285	up	32.0	170.0	0.0	86.0	80.0	0.0	0.0	0.0	0.0	0.0	0.0	0.0
SPATA12	23.8662073527508	1.94091747596635e-15	1.89941413082515e-12	up	0.0	0.0	70.0	193.0	0.0	0.0	0.0	0.0	0.0	0.0	0.0	0.0
TEX101	21.7932552638927	4.07360782715945e-13	3.02594240189693e-11	up	0.0	0.0	0.0	0.0	31.0	245.0	0.0	0.0	0.0	0.0	0.0	0.0
SPATA41	22.6255057926808	5.08908226517987e-14	6.38732469958679e-12	up	0.0	84.0	0.0	78.0	0.0	0.0	0.0	0.0	0.0	0.0	0.0	0.0
CLCN1	23.0376030598339	1.75182178287641e-14	4.83051585251027e-12	up	0.0	0.0	0.0	56.0	189.0	0.0	0.0	0.0	0.0	0.0	0.0	0.0
RP11-231I16.1	22.9480748577728	2.21264474261595e-14	5.29841074616681e-12	up	0.0	0.0	45.0	0.0	0.0	230.0	0.0	0.0	0.0	0.0	0.0	0.0
RPS20P2	22.3896319768979	9.33831363436085e-14	9.03978562934751e-12	up	170.0	0.0	0.0	0.0	41.0	0.0	0.0	0.0	0.0	0.0	0.0	0.0
LINC00698	-20.5744274741259	7.53353162037987e-12	5.09675620666518e-10	down	0.0	0.0	0.0	0.0	0.0	0.0	156.0	0.0	0.0	0.0	0.0	62.0
LINC00692	-22.7094800476395	4.05515477904844e-14	5.91243857322618e-12	down	0.0	0.0	0.0	0.0	0.0	0.0	315.0	62.0	0.0	0.0	0.0	0.0
LINC00689	22.4512944420803	7.97691698105986e-14	8.14355304164838e-12	up	0.0	54.0	0.0	0.0	0.0	166.0	0.0	0.0	0.0	0.0	0.0	0.0
MYOZ3	22.7482431942591	3.71446359893283e-14	5.89249266547951e-12	up	0.0	57.0	0.0	0.0	246.0	0.0	0.0	0.0	0.0	0.0	0.0	0.0
DCSTAMP	-22.020752144167	2.32905983180783e-13	1.91482105635614e-11	down	0.0	0.0	0.0	0.0	0.0	0.0	0.0	78.0	0.0	0.0	125.0	0.0
SFXN2	-7.70565715326748	0.00014595393999697	0.00804913864849957	down	0.0	1.0	0.0	0.0	0.0	0.0	0.0	215.0	0.0	77.0	55.0	37.0
OR56A4	-22.1563616937916	1.65765292087097e-13	1.40970212649209e-11	down	0.0	0.0	0.0	0.0	0.0	0.0	0.0	76.0	0.0	0.0	139.0	0.0
CERS1	7.23606113114298	5.35172141140844e-06	0.000339358808244677	up	21.0	66.0	70.0	20.0	1.0	147.0	0.0	2.0	0.0	0.0	0.0	0.0
FGF23	-22.0900477234179	1.95842662179674e-13	1.65006509676291e-11	down	0.0	0.0	0.0	0.0	0.0	0.0	141.0	0.0	62.0	0.0	0.0	0.0
PRDM12	23.6707204600092	3.28222557237089e-15	2.9866611595789e-12	up	0.0	78.0	0.0	0.0	0.0	440.0	0.0	0.0	0.0	0.0	0.0	0.0
LOC100500719	22.6566636689263	4.7080425366805e-14	6.20881638587307e-12	up	227.0	0.0	0.0	0.0	30.0	0.0	0.0	0.0	0.0	0.0	0.0	0.0
C15orf52	21.8045945027644	3.97592675681922e-13	2.96548733800627e-11	up	0.0	0.0	0.0	26.0	0.0	176.0	0.0	0.0	0.0	0.0	0.0	0.0
NPTX2	-23.1478683422224	1.29969945117673e-14	4.63788829646378e-12	down	0.0	0.0	0.0	0.0	0.0	0.0	405.0	0.0	0.0	0.0	0.0	71.0
ARSH	22.6978981814697	4.23332477248247e-14	5.92632904110835e-12	up	0.0	0.0	0.0	49.0	132.0	0.0	0.0	0.0	0.0	0.0	0.0	0.0
CLIP1	5.69157304437492	0.000112025614775877	0.0063119323941368	up	152.0	74.0	55.0	40.0	37.0	220.0	0.0	0.0	0.0	0.0	0.0	10.0
VN1R71P	-22.7061021936601	4.09050656888701e-14	5.91243857322618e-12	down	0.0	0.0	0.0	0.0	0.0	0.0	212.0	0.0	0.0	0.0	100.0	0.0
SOHLH1	22.64888495075	4.80342036039203e-14	6.24410336705532e-12	up	0.0	0.0	0.0	0.0	30.0	203.0	0.0	0.0	0.0	0.0	0.0	0.0
AC011343.1	22.7077784609084	4.12641046505501e-14	5.91311370500284e-12	up	0.0	0.0	0.0	83.0	40.0	0.0	0.0	0.0	0.0	0.0	0.0	0.0
XRCC6BP1	7.94635187619661	7.64520071930355e-05	0.00441698437747953	up	186.0	20.0	2.0	29.0	57.0	0.0	0.0	0.0	0.0	0.0	0.0	0.0
FAXC	8.95603790281616	4.75799595695432e-06	0.000302764924547593	up	14.0	67.0	8.0	54.0	0.0	416.0	0.0	0.0	0.0	0.0	0.0	0.0
PCDHB11	22.8564130160235	2.80842740022052e-14	5.49200652472748e-12	up	181.0	0.0	0.0	0.0	118.0	0.0	0.0	0.0	0.0	0.0	0.0	0.0
PNPLA3	-22.4431575882603	8.0185944652442e-14	8.14355304164838e-12	down	0.0	0.0	0.0	0.0	0.0	0.0	0.0	0.0	0.0	42.0	181.0	0.0
TAF5LP1	22.7640425884111	3.56807992654008e-14	5.89249266547951e-12	up	0.0	0.0	69.0	66.0	0.0	0.0	0.0	0.0	0.0	0.0	0.0	0.0
OR7E109P	22.6624326897552	4.6386291871815e-14	6.20881638587307e-12	up	0.0	0.0	0.0	0.0	45.0	192.0	0.0	0.0	0.0	0.0	0.0	0.0
HSPD1P19	22.7852599622668	3.37737210583015e-14	5.85378999561932e-12	up	0.0	0.0	121.0	0.0	114.0	0.0	0.0	0.0	0.0	0.0	0.0	0.0
LOC101929009	-20.6626688717876	6.12187706893451e-12	4.18842258562177e-10	down	0.0	0.0	0.0	0.0	0.0	0.0	0.0	0.0	103.0	0.0	0.0	94.0
LOC101929000	-21.8342361122268	3.7117461053347e-13	2.80290735979196e-11	down	0.0	0.0	0.0	0.0	0.0	0.0	134.0	92.0	0.0	0.0	0.0	0.0
LOC101929005	23.3539578309712	7.62451028312131e-15	4.14273359072858e-12	up	0.0	73.0	0.0	0.0	0.0	343.0	0.0	0.0	0.0	0.0	0.0	0.0
TPD52L3	22.8446475288022	2.89549481845659e-14	5.54685370537805e-12	up	0.0	0.0	0.0	67.0	113.0	0.0	0.0	0.0	0.0	0.0	0.0	0.0
TPD52L1	22.6354212252452	4.97300088499998e-14	6.32892609133669e-12	up	0.0	0.0	0.0	0.0	86.0	151.0	0.0	0.0	0.0	0.0	0.0	0.0
CALCA	-21.9448111574351	2.81761306774847e-13	2.24902369385765e-11	down	0.0	0.0	0.0	0.0	0.0	0.0	0.0	38.0	0.0	0.0	131.0	0.0
MAST2	22.9153939084951	2.40928866017195e-14	5.38741367890799e-12	up	0.0	172.0	0.0	0.0	199.0	0.0	0.0	0.0	0.0	0.0	0.0	0.0
PRR16	22.2868241612118	1.21234252265469e-13	1.10317107848963e-11	up	0.0	55.0	0.0	0.0	165.0	0.0	0.0	0.0	0.0	0.0	0.0	0.0
LOC101929104	-22.417327681951	8.56308496737161e-14	8.57096585929991e-12	down	0.0	0.0	0.0	0.0	0.0	0.0	228.0	98.0	0.0	0.0	0.0	0.0
LINC01132	22.5706177179395	5.87512606779193e-14	6.73928555735134e-12	up	0.0	0.0	132.0	0.0	56.0	0.0	0.0	0.0	0.0	0.0	0.0	0.0
LINC01015	23.3154033747793	8.44212059604782e-15	4.14273359072858e-12	up	0.0	0.0	0.0	139.0	38.0	0.0	0.0	0.0	0.0	0.0	0.0	0.0
OPRD1	23.0920349322573	1.51929478832787e-14	4.76718031944463e-12	up	0.0	0.0	0.0	93.0	100.0	0.0	0.0	0.0	0.0	0.0	0.0	0.0
DNM1P38	-21.7627617769105	4.43297681769392e-13	3.23998976326151e-11	down	0.0	0.0	0.0	0.0	0.0	0.0	0.0	78.0	0.0	0.0	96.0	0.0
KIR3DL2	-8.88215500508118	2.27960874135698e-07	1.49232372244445e-05	down	0.0	0.0	0.0	0.0	0.0	0.0	120.0	98.0	79.0	93.0	0.0	126.0
HM13	-9.35117575263811	1.22212707457167e-05	0.000759095243349141	down	0.0	0.0	0.0	0.0	0.0	0.0	0.0	161.0	0.0	277.0	59.0	249.0
RP11-996F15.2	22.9921187331904	1.97279998111672e-14	5.1451143487429e-12	up	67.0	0.0	0.0	0.0	0.0	235.0	0.0	0.0	0.0	0.0	0.0	0.0
TMEM220-AS1	22.5474485959945	6.13512021748921e-14	6.80811297793208e-12	up	0.0	0.0	202.0	0.0	141.0	0.0	0.0	0.0	0.0	0.0	0.0	0.0
LOC101929614	23.0944546880014	1.5089729056277e-14	4.76718031944463e-12	up	0.0	167.0	0.0	91.0	0.0	0.0	0.0	0.0	0.0	0.0	0.0	0.0
LOC101927143	-21.8148099187889	3.895597971737e-13	2.91753034928567e-11	down	0.0	0.0	0.0	0.0	0.0	0.0	125.0	0.0	0.0	63.0	0.0	0.0
RIMS4	7.41516359396827	6.04096777567439e-05	0.00353503448712213	up	63.0	251.0	1.0	33.0	149.0	0.0	0.0	0.0	0.0	2.0	0.0	0.0
LOC101927178	21.7902749338099	4.14914331309596e-13	3.06952272987941e-11	up	50.0	0.0	0.0	0.0	0.0	148.0	0.0	0.0	0.0	0.0	0.0	0.0
RPL34P19	22.6404553172006	4.90736706684069e-14	6.32892609133669e-12	up	0.0	0.0	0.0	74.0	54.0	0.0	0.0	0.0	0.0	0.0	0.0	0.0
MFAP5	-22.4006165242718	8.93450527130313e-14	8.6951369749971e-12	down	0.0	0.0	0.0	0.0	0.0	0.0	203.0	0.0	58.0	0.0	0.0	0.0
ZACN	-22.4148127829184	8.61853262405563e-14	8.57096585929991e-12	down	0.0	0.0	0.0	0.0	0.0	0.0	0.0	101.0	0.0	240.0	0.0	0.0
HMX2	23.0834739705039	1.55372732693616e-14	4.79259044456121e-12	up	111.0	0.0	171.0	0.0	0.0	0.0	0.0	0.0	0.0	0.0	0.0	0.0
GRHL3	9.6158379844851	1.6305827696626e-05	0.00100253296706384	up	61.0	125.0	0.0	26.0	0.0	773.0	0.0	0.0	0.0	0.0	0.0	0.0
DAOA	22.5615834074263	6.01262101559306e-14	6.80415570978088e-12	up	0.0	0.0	0.0	0.0	58.0	164.0	0.0	0.0	0.0	0.0	0.0	0.0
ZAR1	23.013958123576	1.86346793836545e-14	5.06167955377803e-12	up	0.0	0.0	0.0	0.0	244.0	84.0	0.0	0.0	0.0	0.0	0.0	0.0
RAB30-AS1	-22.1880007053484	1.53066443355349e-13	1.31398877482264e-11	down	0.0	0.0	0.0	0.0	0.0	0.0	0.0	59.0	153.0	0.0	0.0	0.0
SLC29A4	23.8582748237533	1.98301381865366e-15	1.89941413082515e-12	up	0.0	0.0	392.0	0.0	72.0	0.0	0.0	0.0	0.0	0.0	0.0	0.0
LOC101929456	21.6092713427913	6.42517970644903e-13	4.5498772559403e-11	up	0.0	0.0	0.0	72.0	56.0	0.0	0.0	0.0	0.0	0.0	0.0	0.0
CHRDL2	23.092701479005	1.51663498061776e-14	4.76718031944463e-12	up	0.0	0.0	0.0	24.0	0.0	259.0	0.0	0.0	0.0	0.0	0.0	0.0
OR2W2P	22.8525563637669	2.8366867043485e-14	5.49200652472748e-12	up	0.0	42.0	0.0	98.0	0.0	0.0	0.0	0.0	0.0	0.0	0.0	0.0
SLC6A3	23.2043849472099	1.13128577647086e-14	4.34555233173109e-12	up	0.0	0.0	0.0	0.0	74.0	280.0	0.0	0.0	0.0	0.0	0.0	0.0
LOC101929560	-21.7082252034858	5.00929358247862e-13	3.58913913021765e-11	down	0.0	0.0	0.0	0.0	0.0	0.0	0.0	0.0	114.0	0.0	76.0	0.0
POU4F2	22.7285972636606	3.91044537054687e-14	5.89249266547951e-12	up	0.0	56.0	0.0	0.0	0.0	210.0	0.0	0.0	0.0	0.0	0.0	0.0
CREBRF	22.7651038070696	3.5582518136037e-14	5.89249266547951e-12	up	0.0	137.0	0.0	0.0	0.0	168.0	0.0	0.0	0.0	0.0	0.0	0.0
CCDC85A	-22.0197806119501	2.33578918902722e-13	1.91482105635614e-11	down	0.0	0.0	0.0	0.0	0.0	0.0	0.0	98.0	0.0	0.0	0.0	149.0
LOC643353	21.713178617728	4.89934379760746e-13	3.5242354850853e-11	up	388.0	239.0	0.0	0.0	0.0	0.0	0.0	0.0	0.0	0.0	0.0	0.0
FLJ36000	8.72661634485306	7.45913980382718e-05	0.00432321290732009	up	0.0	276.0	91.0	0.0	13.0	230.0	0.0	0.0	0.0	0.0	0.0	0.0
LOC101927578	8.65337044412395	5.87859645876899e-05	0.00345111538558506	up	171.0	0.0	85.0	0.0	160.0	93.0	0.0	0.0	0.0	0.0	0.0	0.0
AC012309.5	-21.5948434912848	6.7130377550011e-13	4.73529356989399e-11	down	0.0	0.0	0.0	0.0	0.0	0.0	0.0	30.0	104.0	0.0	0.0	0.0
SIGLEC28P	23.154149056491	1.29055198757669e-14	4.63788829646378e-12	up	0.0	56.0	0.0	123.0	0.0	0.0	0.0	0.0	0.0	0.0	0.0	0.0
LOC102723892	-8.81991110913111	8.69288593444862e-09	5.77378945697191e-07	down	0.0	1.0	0.0	0.0	1.0	0.0	334.0	111.0	0.0	263.0	107.0	122.0
PCOLCE2	9.46196211081254	0.000100063624548451	0.00565545932657532	up	0.0	0.0	0.0	158.0	25.0	373.0	1.0	0.0	0.0	0.0	0.0	0.0
LOC102723860	-21.8627467792586	3.45769979366902e-13	2.64677177465074e-11	down	0.0	0.0	0.0	0.0	0.0	0.0	0.0	0.0	69.0	0.0	0.0	92.0
LOC102723875	-22.0653884287244	2.08363903373552e-13	1.7394562740804e-11	down	0.0	0.0	0.0	0.0	0.0	0.0	0.0	0.0	0.0	29.0	140.0	0.0
GLCCI1	8.37024756970879	2.31426272086485e-05	0.00140390890856731	up	0.0	111.0	99.0	0.0	260.0	147.0	0.0	0.0	0.0	1.0	0.0	0.0
LOC102723817	-21.9885843957066	2.52579287804134e-13	2.04297353722108e-11	down	0.0	0.0	0.0	0.0	0.0	0.0	0.0	0.0	0.0	0.0	122.0	38.0
KIAA1217	22.7108940357369	4.09345161946535e-14	5.91243857322618e-12	up	0.0	0.0	0.0	0.0	32.0	212.0	0.0	0.0	0.0	0.0	0.0	0.0
AQPEP	23.4445602152203	5.9684562775407e-15	3.74551502741253e-12	up	0.0	0.0	0.0	79.0	0.0	346.0	0.0	0.0	0.0	0.0	0.0	0.0
CYP21A1P	-21.7376811984865	4.71735548255047e-13	3.40679176297365e-11	down	0.0	0.0	0.0	0.0	0.0	0.0	0.0	0.0	0.0	21.0	0.0	146.0
LOC100507561	23.9076906380361	1.7353797549225e-15	1.89941413082515e-12	up	0.0	0.0	116.0	176.0	0.0	0.0	0.0	0.0	0.0	0.0	0.0	0.0
LOC101929949	22.8226975662086	3.06310392619915e-14	5.59710778946143e-12	up	69.0	0.0	0.0	0.0	231.0	0.0	0.0	0.0	0.0	0.0	0.0	0.0
